1979	12	6
1979	12	7
1979	12	12
1979	12	15
1979	12	16
1979	12	17
1979	12	22
1979	12	23
1979	12	24
1979	12	25
1979	12	26
1979	12	27
1979	12	28
1980	1	3
1980	1	4
1980	1	5
1980	1	6
1980	1	17
1980	1	18
1980	1	19
1980	2	15
1980	2	16
1980	12	9
1980	12	10
1980	12	11
1980	12	12
1980	12	15
1980	12	16
1980	12	18
1980	12	19
1980	12	20
1980	12	21
1980	12	22
1980	12	28
1980	12	29
1980	12	30
1981	1	18
1981	1	19
1981	1	20
1981	1	21
1981	1	24
1981	1	26
1981	1	30
1981	2	1
1981	2	2
1981	2	6
1981	2	9
1981	2	11
1981	2	12
1981	2	13
1981	2	14
1981	2	15
1981	2	16
1981	2	19
1981	2	20
1981	2	21
1981	2	22
1981	2	23
1981	2	24
1981	2	25
1981	2	26
1981	12	15
1981	12	16
1981	12	18
1981	12	19
1981	12	20
1981	12	21
1981	12	22
1981	12	23
1981	12	24
1981	12	25
1981	12	26
1982	1	12
1982	1	15
1982	1	21
1982	1	31
1982	2	1
1982	2	2
1982	2	3
1982	2	14
1982	2	21
1982	2	22
1982	2	23
1982	2	24
1982	2	25
1982	2	26
1982	2	27
1982	12	11
1982	12	12
1982	12	18
1982	12	20
1982	12	21
1982	12	24
1982	12	25
1982	12	28
1983	1	12
1983	1	21
1983	1	22
1983	1	31
1983	2	1
1983	2	13
1983	2	18
1983	2	21
1983	2	22
1983	2	26
1983	2	27
1983	12	4
1983	12	5
1983	12	6
1983	12	11
1983	12	12
1983	12	15
1983	12	16
1983	12	17
1983	12	18
1983	12	23
1983	12	24
1983	12	25
1983	12	26
1983	12	27
1983	12	29
1983	12	30
1984	1	24
1984	1	25
1984	1	26
1984	1	27
1984	1	28
1984	1	29
1984	1	30
1984	1	31
1984	2	1
1984	2	2
1984	2	14
1984	2	16
1984	2	17
1984	2	20
1984	2	21
1984	2	22
1984	2	27
1984	2	28
1984	2	29
1984	12	1
1984	12	5
1984	12	6
1984	12	7
1984	12	8
1984	12	9
1984	12	10
1984	12	11
1984	12	13
1984	12	17
1984	12	22
1984	12	23
1984	12	24
1984	12	25
1984	12	26
1985	1	1
1985	1	2
1985	1	3
1985	1	29
1985	1	30
1985	1	31
1985	2	1
1985	2	2
1985	2	3
1985	2	18
1985	2	19
1985	2	20
1985	2	21
1985	2	23
1985	12	2
1985	12	3
1985	12	9
1985	12	10
1985	12	13
1985	12	14
1985	12	15
1985	12	16
1985	12	17
1985	12	18
1985	12	19
1985	12	20
1985	12	22
1985	12	23
1985	12	24
1985	12	25
1985	12	28
1985	12	29
1985	12	30
1985	12	31
1986	1	1
1986	1	2
1986	1	3
1986	1	4
1986	1	8
1986	1	9
1986	1	11
1986	1	13
1986	1	17
1986	1	25
1986	1	26
1986	1	27
1986	1	28
1986	1	29
1986	1	30
1986	1	31
1986	12	1
1986	12	2
1986	12	17
1986	12	18
1986	12	25
1986	12	26
1986	12	29
1986	12	30
1986	12	31
1987	1	1
1987	1	8
1987	1	9
1987	1	31
1987	2	1
1987	2	2
1987	2	3
1987	2	4
1987	2	5
1987	2	6
1987	2	7
1987	2	8
1987	2	9
1987	2	10
1987	2	26
1987	2	27
1987	2	28
1987	12	17
1987	12	18
1987	12	19
1987	12	20
1987	12	25
1987	12	26
1987	12	27
1987	12	28
1987	12	29
1987	12	30
1987	12	31
1988	1	5
1988	1	6
1988	1	7
1988	1	8
1988	1	12
1988	1	13
1988	1	14
1988	1	19
1988	1	20
1988	1	21
1988	1	22
1988	1	23
1988	1	25
1988	1	26
1988	1	27
1988	1	28
1988	1	29
1988	1	30
1988	1	31
1988	2	1
1988	2	5
1988	2	6
1988	2	13
1988	2	14
1988	2	17
1988	2	19
1988	2	20
1988	2	23
1988	12	1
1988	12	2
1988	12	5
1988	12	6
1988	12	21
1988	12	24
1988	12	25
1988	12	26
1988	12	27
1989	1	4
1989	1	5
1989	1	8
1989	1	9
1989	1	16
1989	1	17
1989	1	18
1989	1	20
1989	1	21
1989	1	22
1989	1	23
1989	1	29
1989	1	30
1989	2	26
1989	2	27
1989	2	28
1989	12	3
1989	12	19
1989	12	20
1990	1	10
1990	1	11
1990	1	12
1990	1	13
1990	1	14
1990	1	27
1990	2	15
1990	2	16
1990	12	9
1990	12	10
1990	12	21
1991	1	11
1991	1	12
1991	1	13
1991	2	7
1991	2	8
1991	2	11
1991	12	4
1991	12	13
1991	12	14
1991	12	15
1991	12	16
1991	12	20
1991	12	21
1991	12	22
1991	12	23
1991	12	29
1991	12	31
1992	1	1
1992	1	4
1992	1	5
1992	1	6
1992	1	7
1992	1	8
1992	1	9
1992	1	10
1992	1	11
1992	1	12
1992	1	13
1992	1	14
1992	1	18
1992	2	6
1992	2	7
1992	2	8
1992	2	16
1992	2	17
1992	2	18
1992	2	19
1992	2	20
1992	2	21
1992	12	6
1992	12	7
1992	12	10
1992	12	11
1992	12	13
1992	12	14
1992	12	15
1992	12	16
1993	1	23
1993	1	24
1993	1	28
1993	1	29
1993	2	3
1993	2	4
1993	2	5
1993	2	6
1993	2	14
1993	2	24
1993	12	11
1993	12	14
1993	12	15
1993	12	16
1993	12	17
1993	12	25
1993	12	26
1993	12	27
1993	12	28
1993	12	31
1994	1	1
1994	1	2
1994	1	3
1994	1	4
1994	1	5
1994	1	7
1994	1	8
1994	1	12
1994	1	14
1994	1	19
1994	1	20
1994	1	24
1994	1	28
1994	1	29
1994	2	3
1994	2	4
1994	2	5
1994	2	6
1994	2	7
1994	2	8
1994	2	16
1994	2	17
1994	2	18
1994	2	19
1994	2	20
1994	2	21
1994	2	28
1994	12	12
1994	12	13
1994	12	14
1994	12	15
1994	12	16
1994	12	17
1994	12	18
1994	12	19
1994	12	24
1994	12	25
1994	12	30
1995	1	2
1995	1	3
1995	1	5
1995	1	13
1995	1	14
1995	1	19
1995	1	20
1995	1	21
1995	1	22
1995	1	27
1995	1	28
1995	1	29
1995	2	4
1995	2	5
1995	2	6
1995	2	7
1996	1	7
1996	1	8
1996	1	9
1996	1	11
1996	1	19
1996	1	20
1996	1	21
1996	1	25
1996	1	26
1996	1	27
1996	1	28
1996	1	29
1996	2	2
1996	2	3
1996	2	4
1996	2	5
1996	2	6
1996	2	7
1996	2	8
1996	2	9
1996	2	10
1996	2	11
1996	2	22
1996	2	23
1996	2	24
1996	2	25
1996	2	26
1996	2	27
1996	2	28
1996	12	1
1996	12	2
1996	12	3
1996	12	4
1996	12	5
1996	12	6
1996	12	7
1996	12	8
1996	12	9
1996	12	21
1996	12	22
1996	12	23
1996	12	24
1996	12	25
1996	12	29
1996	12	30
1997	1	11
1997	1	12
1997	1	13
1997	1	14
1997	1	15
1997	1	16
1997	1	17
1997	1	18
1997	1	19
1997	1	20
1997	1	30
1997	1	31
1997	2	1
1997	2	2
1997	12	6
1997	12	7
1997	12	8
1997	12	12
1997	12	24
1997	12	26
1997	12	28
1997	12	29
1997	12	31
1998	1	5
1998	1	6
1998	1	9
1998	1	10
1998	1	11
1998	1	12
1998	1	13
1998	1	17
1998	1	18
1998	1	19
1998	1	20
1998	1	24
1998	1	25
1998	1	28
1998	2	4
1998	2	11
1998	2	12
1998	2	13
1998	2	14
1998	2	15
1998	2	16
1998	2	17
1998	2	18
1998	2	19
1998	2	23
1998	2	24
1998	2	25
1998	2	26
1998	2	27
1998	2	28
1998	12	7
1998	12	8
1998	12	18
1998	12	21
1998	12	23
1998	12	30
1998	12	31
1999	1	1
1999	1	2
1999	1	3
1999	1	4
1999	1	5
1999	1	6
1999	1	7
1999	1	8
1999	1	9
1999	1	10
1999	1	11
1999	1	12
1999	1	20
1999	1	21
1999	1	22
1999	1	23
1999	1	24
1999	1	26
1999	1	29
1999	2	3
1999	2	12
1999	2	25
1999	12	5
1999	12	12
1999	12	13
1999	12	19
1999	12	20
1999	12	21
1999	12	27
1999	12	28
1999	12	29
1999	12	30
2000	1	11
2000	2	2
2000	2	3
2000	2	4
2000	2	16
2000	2	18
2000	2	19
2000	2	20
2000	2	21
2000	2	22
2000	2	29
2000	12	1
2000	12	2
2000	12	3
2000	12	4
2000	12	5
2000	12	6
2000	12	7
2000	12	8
2000	12	9
2000	12	10
2000	12	11
2000	12	16
2000	12	17
2000	12	18
2000	12	19
2000	12	20
2000	12	21
2001	1	1
2001	1	2
2001	1	3
2001	1	4
2001	1	5
2001	1	6
2001	1	7
2001	1	8
2001	1	11
2001	1	27
2001	1	28
2001	1	29
2001	1	30
2001	1	31
2001	2	1
2001	2	2
2001	2	3
2001	2	7
2001	2	8
2001	2	9
2001	2	16
2002	1	1
2002	1	14
2002	1	15
2002	1	16
2002	1	17
2002	1	19
2002	1	20
2002	1	21
2002	1	22
2002	1	23
2002	1	24
2002	1	25
2002	2	6
2002	2	13
2002	2	14
2002	2	15
2002	2	16
2002	2	17
2002	2	28
2002	12	1
2002	12	2
2002	12	15
2002	12	16
2002	12	22
2002	12	23
2002	12	24
2002	12	25
2002	12	26
2003	1	13
2003	1	14
2003	1	19
2003	1	23
2003	1	24
2003	1	25
2003	1	26
2003	2	6
2003	2	28
2003	12	1
2003	12	4
2003	12	8
2003	12	9
2003	12	10
2003	12	11
2003	12	12
2003	12	13
2003	12	16
2003	12	17
2003	12	18
2003	12	19
2003	12	24
2003	12	25
2003	12	26
2003	12	27
2003	12	28
2004	1	4
2004	1	5
2004	1	6
2004	1	7
2004	1	8
2004	1	9
2004	1	10
2004	1	11
2004	1	21
2004	1	22
2004	1	23
2004	1	24
2004	1	25
2004	2	1
2004	2	2
2004	2	3
2004	2	4
2004	2	5
2004	2	6
2004	2	7
2004	2	9
2004	2	10
2004	2	11
2004	2	16
2004	2	20
2004	2	21
2004	2	29
2004	12	1
2004	12	2
2004	12	3
2004	12	4
2004	12	5
2004	12	6
2004	12	7
2004	12	8
2004	12	12
2004	12	14
2004	12	27
2004	12	28
2004	12	29
2005	1	3
2005	1	13
2005	1	14
2005	1	15
2005	1	18
2005	2	6
2005	2	7
2005	2	8
2005	2	9
2005	2	10
2005	12	1
2005	12	5
2005	12	6
2005	12	7
2005	12	8
2005	12	19
2005	12	28
2005	12	29
2005	12	30
2005	12	31
2006	1	15
2006	1	16
2006	1	17
2006	1	18
2006	1	19
2006	1	20
2006	1	21
2006	1	28
2006	2	1
2006	2	2
2006	2	3
2006	2	4
2006	2	11
2006	2	12
2006	2	13
2006	2	14
2006	2	18
2006	2	19
2006	2	20
2006	12	16
2006	12	27
2006	12	28
2006	12	29
2007	1	3
2007	1	4
2007	1	20
2007	1	30
2007	1	31
2007	2	2
2007	2	3
2007	2	4
2007	2	14
2007	2	15
2007	2	16
2007	2	17
2007	2	18
2007	2	27
2007	12	1
2007	12	2
2007	12	4
2007	12	10
2007	12	23
2008	1	10
2008	1	11
2008	1	12
2008	1	13
2008	1	16
2008	1	20
2008	1	21
2008	1	22
2008	1	26
2008	1	27
2008	1	28
2008	1	29
2008	1	30
2008	1	31
2008	2	1
2008	2	13
2008	2	14
2008	2	17
2008	2	18
2008	2	19
2008	2	20
2008	12	3
2008	12	5
2008	12	6
2008	12	7
2008	12	10
2008	12	11
2008	12	13
2008	12	14
2008	12	20
2008	12	21
2008	12	22
2009	1	8
2009	1	9
2009	1	10
2009	1	14
2009	1	15
2009	1	20
2009	1	24
2009	1	25
2009	1	26
2009	1	27
2009	1	28
2009	1	29
2009	2	1
2009	2	7
2009	2	8
2009	2	16
2009	2	18
2009	2	26
2009	2	27
2009	2	28
2009	12	1
2009	12	2
2009	12	3
2009	12	4
2009	12	5
2009	12	8
2009	12	9
2009	12	10
2010	1	8
2010	1	9
2010	1	14
2010	1	17
2010	2	28
2010	12	12
2010	12	13
2010	12	27
2010	12	28
2010	12	29
2011	1	14
2011	1	18
2011	1	30
2011	2	9
2011	2	10
2011	2	11
2011	2	12
2011	2	13
2011	2	14
2011	2	15
2011	2	21
2011	2	22
2011	2	23
2011	12	19
2011	12	20
2011	12	21
2011	12	22
2011	12	28
2012	1	9
2012	1	10
2012	1	11
2012	1	18
2012	1	19
2012	1	23
2012	1	24
2012	1	25
2012	1	26
2012	1	27
2012	2	2
2012	2	3
2012	2	4
2012	2	5
2012	2	20
2012	2	21
2012	2	22
2012	2	23
2012	2	24
2012	2	25
2012	2	26
2012	12	1
2012	12	2
2012	12	3
2012	12	4
2012	12	9
2012	12	10
2012	12	11
2012	12	12
2012	12	13
2012	12	25
2012	12	31
2013	1	1
2013	1	2
2013	1	3
2013	1	10
2013	1	11
2013	1	12
2013	1	13
2013	1	15
2013	1	16
2013	1	17
2013	1	18
2013	1	19
2013	1	20
2013	1	24
2013	1	25
2013	1	26
2013	2	1
2013	2	3
2013	2	4
2013	2	8
2013	2	9
2013	2	10
2013	2	11
2013	2	12
2013	2	13
2013	2	14
2013	2	15
2013	2	23
2013	2	24
2013	2	28
2013	12	2
2013	12	3
2013	12	8
2013	12	9
2013	12	13
2013	12	31
2014	1	1
2014	1	2
2014	1	3
2014	1	4
2014	1	7
2014	1	8
2014	1	9
2014	1	10
2014	1	11
2014	1	12
2014	1	13
2014	1	14
2014	1	15
2014	1	16
2014	1	17
2014	1	18
2014	1	19
2014	1	20
2014	1	21
2014	1	22
2014	1	23
2014	1	24
2014	1	25
2014	1	26
2014	1	27
2014	1	28
2014	1	29
2014	1	30
2014	2	4
2014	2	14
2014	2	17
2014	2	18
2014	2	26
