1981	1	12	1
1981	12	27	1
1983	2	9	1
1984	2	26	1
1989	12	6	1
1996	12	24	1
1999	12	27	1
2000	1	15	1
2001	12	16	1
2003	1	3	1
2003	2	8	1
2006	1	1	1
2006	2	10	1
2007	1	22	1
2008	1	11	1
2010	12	17	1
2012	12	4	1
2012	12	25	1
2013	1	1	1
2013	2	10	1
2013	12	24	1
1989	1	12	1,1
1995	12	4	1,1
1984	2	19	1,2
1984	2	25	1,2
1984	12	1	1,2
1986	2	15	1,2
1989	12	7	1,2
1995	1	19	1,2
1995	12	22	1,2
1996	2	1	1,2
1997	12	28	1,2
1998	1	13	1,2
1998	1	23	1,2
1999	12	13	1,2
1999	12	20	1,2
2002	12	3	1,2
2002	12	23	1,2
2003	1	6	1,2
2003	2	18	1,2
2006	1	7	1,2
2006	2	17	1,2
2006	2	26	1,2
2007	2	7	1,2
2010	12	7	1,2
2011	12	14	1,2
2012	12	12	1,2
2012	12	31	1,2
1980	1	20	1,3
1982	2	13	1,3
1982	12	10	1,3
1984	1	7	1,3
1985	12	24	1,3
1987	12	9	1,3
1991	2	8	1,3
1991	2	27	1,3
1993	2	11	1,3
1994	1	18	1,3
1995	12	9	1,3
1981	1	11	1,4
1981	12	15	1,4
1984	1	26	1,4
1986	2	5	1,4
1987	1	14	1,4
1988	1	18	1,4
1989	1	11	1,4
1999	12	4	1,4
1999	12	8	1,4
2006	2	20	1,4
2007	1	26	1,4
2007	12	26	1,4
2010	2	7	1,4
2013	2	23	1,4
2013	2	28	1,4
2014	2	20	1,4
1981	2	26	1,5
1981	12	22	1,5
1981	12	24	1,5
1982	12	3	1,5
1984	1	4	1,5
1984	12	19	1,5
1985	1	19	1,5
1985	12	27	1,5
1990	12	3	1,5
1991	12	7	1,5
1980	12	19	1,6
1985	12	30	1,6
1992	12	5	1,6
1999	1	9	1,6
2003	12	31	1,6
2005	12	23	1,6
2008	1	16	1,6
2008	12	6	1,6
2011	1	22	1,6
2013	2	19	1,6
2013	12	27	1,6
2014	1	29	1,6
1981	2	4	1,7
1984	1	24	1,7
1987	2	20	1,7
1990	1	30	1,7
1996	1	25	1,7
1980	12	20	1,8
1984	12	13	1,8
1987	2	22	1,8
1991	1	26	1,8
1996	2	27	1,8
2000	12	27	1,8
2001	1	25	1,8
2001	2	28	1,8
2002	12	4	1,8
2003	1	21	1,8
2004	1	15	1,8
2004	1	27	1,8
2004	2	29	1,8
2007	2	2	1,8
2007	2	21	1,8
2009	1	4	1,8
2011	12	18	1,8
2013	2	12	1,8
2014	2	15	1,8
2014	2	17	1,8
1981	12	9	1,9
1992	12	16	1,9
1995	1	26	1,9
1999	12	3	1,9
1982	1	15	2
1985	2	17	2
1986	2	21	2
1987	2	3	2
1988	1	3	2
1990	12	20	2
1991	12	8	2
1992	2	17	2
1997	12	12	2
2001	1	26	2
2003	2	24	2
2005	2	21	2
2006	2	28	2
2010	2	25	2
2010	12	19	2
2011	12	11	2
2014	1	14	2
2014	2	5	2
1981	12	12	2,1
1981	12	20	2,1
1985	12	26	2,1
1988	1	6	2,1
1988	12	1	2,1
1995	1	17	2,1
1997	1	8	2,1
1993	2	28	2,2
1994	1	17	2,2
2001	1	10	2,2
2001	2	23	2,2
2002	12	16	2,2
2002	12	19	2,2
2004	1	1	2,2
2007	1	29	2,2
2008	2	3	2,2
2010	1	11	2,2
2010	2	17	2,2
2012	12	29	2,2
1985	2	12	2,3
1988	2	21	2,3
1981	2	15	2,4
1981	2	18	2,4
1985	2	11	2,4
1985	12	7	2,4
1991	2	25	2,4
1996	2	5	2,4
1997	12	30	2,4
2001	1	28	2,4
2004	2	28	2,4
2004	12	28	2,4
2004	12	29	2,4
2008	12	4	2,4
2009	2	28	2,4
2009	12	20	2,4
2010	12	25	2,4
2012	2	2	2,4
2013	1	27	2,4
1980	1	14	2,5
1980	2	19	2,6
1981	2	20	2,6
1983	2	20	2,6
1985	1	25	2,6
1988	12	24	2,6
1991	1	25	2,6
2003	12	27	2,6
2005	12	25	2,6
2010	1	1	2,6
1982	12	9	2,7
1983	2	8	2,7
1986	12	22	2,7
1999	2	25	2,7
1986	2	2	2,8
1986	2	11	2,8
1986	2	28	2,8
1989	2	28	2,8
1993	1	31	2,8
2002	2	28	2,8
2003	2	21	2,8
2009	1	6	2,8
2013	1	17	2,8
2013	2	18	2,8
1983	12	10	2,9
1986	12	21	2,9
1983	2	11	3
1984	1	19	3
1984	12	12	3
1990	1	1	3
1995	12	28	3
2004	2	21	3
2005	12	3	3
2006	1	10	3
2007	2	17	3
2007	2	20	3
2008	12	5	3
2014	1	15	3
2014	2	1	3
2014	2	11	3
1980	1	17	3,1
1981	12	8	3,1
1983	12	19	3,1
1987	1	8	3,1
1991	2	19	3,1
1998	2	5	3,1
1984	1	31	3,2
1992	1	30	3,2
1995	1	30	3,2
1995	2	13	3,2
1995	2	17	3,2
2002	2	16	3,2
2002	12	12	3,2
2002	12	17	3,2
2004	1	28	3,2
2004	1	29	3,2
2010	2	28	3,2
2010	12	29	3,2
2011	2	20	3,2
1987	2	24	3,3
1989	2	25	3,3
1994	1	7	3,3
1998	2	9	3,3
1986	1	5	3,4
1988	1	29	3,4
1989	12	28	3,4
1990	12	26	3,4
1993	2	9	3,4
1999	2	28	3,4
2001	1	13	3,4
2009	12	17	3,4
1994	2	4	3,5
1995	12	24	3,5
1987	1	26	3,6
1989	2	6	3,6
1989	12	9	3,6
1990	1	29	3,6
1994	2	14	3,6
1994	12	7	3,6
2001	2	24	3,6
2001	12	15	3,6
2003	2	7	3,6
2006	2	22	3,6
2009	1	20	3,6
2011	1	23	3,6
2011	12	10	3,6
2014	1	3	3,6
2014	1	31	3,6
1984	1	22	3,7
1987	2	23	3,7
1984	1	9	3,8
1986	2	6	3,8
1991	1	12	3,8
1992	2	24	3,8
1999	12	28	3,8
2004	2	20	3,8
2004	12	4	3,8
2006	1	26	3,8
2007	1	23	3,8
2007	1	31	3,8
2007	2	22	3,8
2012	12	5	3,8
1984	12	6	3,9
1994	1	10	3,9
1995	12	25	3,9
1992	12	7	4
1997	1	5	4
2006	1	25	4
2008	2	18	4
2009	1	8	4
2009	1	13	4
2009	2	7	4
2010	1	5	4
2010	1	26	4
2010	12	2	4
2012	12	15	4
1982	2	18	4,1
1985	12	31	4,1
1987	12	15	4,2
1990	12	9	4,2
1992	12	3	4,2
1993	1	30	4,2
1996	1	4	4,2
1999	12	9	4,2
2001	12	22	4,2
2002	1	23	4,2
2003	1	8	4,2
2004	2	23	4,2
2004	2	26	4,2
2007	1	30	4,2
1984	12	7	4,3
1988	2	1	4,3
2003	1	18	4,3
1983	12	21	4,4
1987	1	11	4,4
1988	1	15	4,4
1989	12	27	4,4
2005	12	1	4,4
2012	12	6	4,4
1984	1	23	4,5
2001	2	8	4,5
1979	12	22	4,6
1993	12	28	4,6
1996	1	6	4,6
1997	12	21	4,6
2002	12	9	4,6
2003	12	2	4,6
2009	2	3	4,6
2009	12	13	4,6
2010	2	21	4,6
2011	1	31	4,6
2013	12	18	4,6
2014	2	21	4,6
2014	2	24	4,6
1988	2	15	4,7
1995	2	9	4,7
1981	12	6	4,8
1987	12	18	4,8
2000	1	14	4,8
2000	12	20	4,8
2002	2	17	4,8
2006	2	3	4,8
2009	12	26	4,8
2013	1	25	4,8
2014	2	12	4,8
1981	12	18	4,9
1986	1	1	4,9
1999	2	9	4,9
1980	2	28	5
1993	12	14	5
1995	12	16	5
1997	1	23	5
2004	12	22	5
2007	12	25	5
2011	12	2	5
1988	1	17	5,2
2013	1	16	5,2
1990	1	31	5,3
1987	2	9	5,4
1995	12	18	5,4
1998	12	3	5,4
2001	1	5	5,4
2001	1	6	5,4
2002	12	2	5,4
2006	1	28	5,4
2007	2	10	5,4
2008	2	22	5,4
2009	1	25	5,4
2011	12	17	5,4
1987	12	8	5,5
1998	12	28	5,5
1983	2	18	5,6
1986	2	3	5,6
1996	12	6	5,6
2001	12	12	5,6
2005	12	24	5,6
2007	2	16	5,6
2009	2	27	5,6
2009	12	30	5,6
2012	1	15	5,6
2014	1	13	5,6
1995	1	1	5,7
2001	1	14	5,7
1990	12	17	5,8
1992	1	12	5,8
2001	2	27	5,8
2005	12	26	5,8
2008	1	14	5,8
2011	12	16	5,8
2013	12	28	5,8
1980	1	12	5,9
1982	1	12	5,9
1988	2	22	5,9
1989	2	23	5,9
1997	1	9	5,9
1985	2	10	6
1985	12	8	6
2002	12	18	6
2009	2	6	6
2011	1	28	6
2013	1	22	6
2004	2	24	6,1
2006	2	18	6,1
1987	12	12	6,2
2003	12	4	6,2
2006	1	29	6,2
2006	12	5	6,2
2011	1	29	6,2
2011	1	30	6,2
2013	1	13	6,2
2013	1	18	6,2
2000	12	28	6,3
2005	12	27	6,3
2005	2	7	6,4
2007	1	28	6,4
2011	2	13	6,4
1983	2	15	6,6
1990	12	6	6,6
2009	1	7	6,6
2010	1	25	6,6
2010	2	18	6,6
1992	2	18	6,7
1996	12	12	6,8
1999	1	22	6,8
2003	2	20	6,8
2006	2	2	6,8
1989	2	7	6,9
1991	2	6	6,9
1991	12	1	6,9
1992	2	19	6,9
1995	12	6	6,9
1992	2	23	7
2001	1	18	7
2001	1	24	7
2001	1	27	7
2008	12	14	7
2010	2	10	7
2011	1	9	7
1986	1	21	7,1
1991	2	2	7,1
1985	1	26	7,2
1986	12	14	7,2
1987	1	30	7,2
1989	12	11	7,2
1993	1	29	7,2
2004	12	1	7,2
2010	1	24	7,2
2010	12	5	7,2
1987	2	17	7,3
1991	12	15	7,3
1996	1	12	7,3
1996	12	7	7,3
1986	1	31	7,4
1986	2	4	7,4
2006	1	16	7,4
2006	2	16	7,4
2009	1	24	7,4
1983	2	12	7,5
1987	2	13	7,5
2011	1	8	7,5
2005	2	6	7,6
2010	2	16	7,6
1986	2	18	7,7
2001	12	14	7,7
1985	2	7	7,8
1987	2	11	7,8
1987	12	19	7,8
1998	2	1	7,8
2001	1	9	7,8
1984	2	29	7,9
1988	1	16	7,9
1997	1	4	7,9
1999	1	11	8
2002	12	13	8
2006	12	2	8
2008	12	7	8
2010	1	27	8
1982	1	14	8,1
1986	1	8	8,1
1987	12	3	8,1
1996	12	22	8,1
1995	12	15	8,2
2004	2	22	8,2
1982	12	17	8,3
1986	12	8	8,4
1986	12	13	8,4
1990	1	27	8,4
1991	12	2	8,4
1997	1	3	8,4
1997	12	31	8,4
2008	12	31	8,4
2009	1	31	8,4
1992	2	12	8,5
1995	12	31	8,5
1997	12	19	8,5
1999	1	17	8,5
2006	2	19	8,5
2013	12	19	8,5
1991	1	23	8,6
2000	1	10	8,6
2003	12	5	8,6
2014	1	22	8,6
2014	1	28	8,6
1984	1	20	8,7
1990	1	28	8,8
2010	12	31	8,8
1991	2	7	8,9
1981	12	29	9
1984	2	28	9,1
1981	12	26	9,2
1983	12	9	9,2
1985	12	22	9,2
1988	1	27	9,2
1994	1	16	9,3
2003	1	22	9,3
2008	1	3	9,3
1981	12	16	9,4
1995	1	20	9,4
1996	12	30	9,4
2002	12	26	9,4
1991	2	10	9,5
2003	12	17	9,5
2005	12	5	9,5
1983	12	16	9,6
2008	12	12	9,6
2009	12	16	9,6
2009	12	31	9,6
2010	2	20	9,6
1987	2	21	9,7
1997	1	16	9,7
1997	12	26	9,7
1998	1	28	9,8
2001	12	18	9,8
2006	1	15	9,8
2010	12	1	9,8
2014	2	23	9,8
1982	2	21	9,9
1984	1	8	9,9
1989	12	18	9,9
2003	12	1	9,9
2010	2	12	10
1998	12	30	10,1
1996	1	20	10,2
1980	1	15	10,3
1986	1	2	10,3
1988	1	19	10,3
1985	1	21	10,4
1986	2	16	10,4
1987	12	2	10,4
1995	12	14	10,4
1995	12	27	10,4
1996	1	19	10,4
1997	12	15	10,4
2001	1	1	10,4
2001	12	10	10,4
1985	12	11	10,5
1986	1	30	10,6
2009	2	2	10,6
2009	12	18	10,6
2007	1	25	10,7
2008	12	3	10,8
2012	1	27	10,8
1995	12	11	10,9
2001	1	16	10,9
2002	1	3	10,9
2003	1	7	10,9
1983	12	14	11
1998	1	31	11
2000	12	1	11,1
1982	1	11	11,2
1985	1	22	11,2
1994	2	28	11,3
1987	12	11	11,4
1987	12	31	11,4
1989	1	6	11,4
1989	1	26	11,4
1989	2	21	11,4
1998	1	24	11,4
2014	2	9	11,4
2006	2	21	11,6
1987	12	7	11,7
1999	12	14	11,7
1987	12	14	11,8
2008	12	8	11,8
2009	12	2	11,8
1996	12	11	11,9
1985	1	23	12
2002	12	1	12
2003	2	26	12
1980	12	15	12,1
1994	2	26	12,2
1999	2	27	12,2
2008	2	17	12,2
2011	1	27	12,2
2008	1	13	12,3
1997	1	19	12,4
1999	12	29	12,4
1983	2	13	12,5
1986	2	20	12,5
1995	2	10	12,6
2003	1	9	12,6
2005	12	2	12,8
2010	2	22	12,9
1996	1	11	13
1992	12	4	13,1
1996	1	29	13,1
1979	12	25	13,2
2008	12	1	13,2
1988	1	28	13,3
1992	2	20	13,3
1982	2	25	13,4
1990	1	3	13,4
1990	12	18	13,4
2006	2	23	13,4
1995	12	8	13,5
2010	1	13	13,6
1985	1	4	13,8
2001	2	7	13,8
2013	2	22	13,8
1996	12	21	13,9
2000	12	26	13,9
1998	12	2	14
1996	2	3	14,2
1996	12	14	14,2
1997	1	6	14,2
2010	2	8	14,2
2006	1	14	14,3
1998	1	12	14,4
2000	12	19	14,4
2009	1	30	14,4
2011	2	16	14,4
1982	12	2	14,6
2013	1	24	14,6
1990	1	2	14,7
1998	12	31	14,7
2012	1	16	14,8
1998	12	29	14,9
1990	12	25	15
2002	12	27	15,2
2010	1	4	15,2
2014	2	6	15,2
1983	2	14	15,3
1995	12	23	15,3
1980	2	29	15,4
1989	12	5	15,4
1994	1	9	15,4
1986	1	29	15,5
1999	2	26	15,5
2003	2	19	15,5
2007	2	8	15,5
1995	1	18	15,6
2003	1	5	15,6
2011	1	7	15,6
1986	2	7	15,7
1995	12	26	15,7
1996	1	5	15,8
2003	2	25	15,8
2008	2	23	16,1
1987	12	13	16,2
1996	12	13	16,2
2009	1	19	16,2
2014	1	21	16,2
2001	1	12	16,3
1985	12	29	16,4
2009	2	4	16,4
1991	2	18	16,5
1993	2	3	16,5
1994	2	15	16,5
2007	12	21	16,7
1985	1	13	17
1999	1	23	17
2009	1	3	17
1981	12	28	17,2
1990	12	19	17,2
1997	12	16	17,2
1998	1	30	17,2
2013	1	20	17,2
1994	2	3	17,3
1990	12	5	17,5
1995	12	17	17,5
1996	12	31	17,5
1985	1	17	17,6
1997	12	22	17,7
2001	12	13	17,7
1996	1	22	17,8
2000	12	21	17,8
2001	12	23	17,9
2006	1	13	18
1998	2	2	18,2
1985	12	5	18,4
2009	1	22	18,4
1996	12	29	18,5
1983	2	17	18,8
1997	12	18	18,8
1991	2	28	18,9
1983	12	18	19
1991	2	1	19
1996	1	8	19
2014	2	8	19
1988	1	13	19,1
1989	12	4	19,1
2000	12	8	19,2
2000	12	24	19,2
2009	1	23	19,2
1987	12	4	19,4
1994	2	7	19,5
1985	2	9	19,6
1996	12	17	19,6
2000	12	22	19,6
2010	2	14	19,6
1987	12	5	19,7
1997	12	29	19,8
2007	12	22	19,9
2004	12	3	20
2013	1	19	20,1
1987	1	9	20,2
1991	12	14	20,2
1997	12	3	20,3
1986	2	17	20,5
1989	12	16	20,5
1994	1	4	20,5
2006	2	25	20,5
1982	1	10	20,9
1989	2	9	21,1
2010	1	10	21,2
1988	2	6	21,3
1996	1	31	21,3
1996	1	28	21,4
1997	1	20	21,4
2011	2	19	21,4
1989	12	12	21,6
1993	12	13	21,8
2010	2	3	22
2010	12	30	22
2006	1	27	22,1
1996	2	25	22,2
1997	1	1	22,3
1982	2	15	22,4
1986	1	7	22,4
1996	2	13	22,4
2008	12	13	22,4
1989	12	26	22,7
1997	1	7	22,8
2011	2	15	23
1981	12	21	23,1
2004	12	2	23,2
1982	12	8	23,4
2006	12	8	23,4
1991	2	16	23,5
1981	12	17	23,6
2008	12	28	23,6
1986	2	14	23,7
1991	2	12	23,7
2000	1	13	23,7
1996	12	5	23,9
1998	2	4	24
1999	2	24	24
2009	1	2	24
1996	1	27	24,3
1989	12	25	24,5
1999	12	15	24,5
2002	12	10	24,5
2010	1	23	24,6
2010	12	18	24,6
2008	1	2	24,7
1982	12	13	24,8
1998	2	6	24,8
1996	12	18	24,9
1989	2	24	25
2005	2	27	25
1996	12	19	25,3
2010	1	12	25,6
2013	12	25	25,6
2012	12	7	25,8
1988	1	14	26,1
2003	12	3	26,5
1987	1	13	26,7
2014	1	18	26,8
2003	12	6	26,9
1996	12	23	27
2003	12	8	27,1
1983	12	17	27,3
1999	1	21	27,3
1985	1	5	27,4
1996	1	9	27,4
2014	1	16	27,4
1982	2	14	27,5
1989	12	8	27,5
1990	12	4	27,5
2009	12	24	27,5
2003	12	9	27,6
2009	2	5	27,8
2000	12	7	28
2000	12	23	28,1
2006	1	6	28,1
1985	12	28	28,2
1996	1	24	28,6
1990	12	8	28,8
2010	12	21	28,8
1996	1	23	29,2
2004	2	25	29,6
1996	1	26	29,7
1989	2	10	29,9
2010	12	22	30
1981	12	31	30,2
2009	12	23	30,2
2014	1	17	30,4
1989	12	17	30,7
1985	2	20	31
1986	2	19	31,4
1999	1	12	31,4
2008	12	27	32
1996	2	14	32,3
1981	12	10	33
1994	1	6	33,3
2009	12	25	33,6
1987	1	12	33,9
1986	2	8	34,1
2001	12	11	34,2
2009	12	22	34,2
1985	12	25	34,4
1983	12	15	34,5
1996	12	15	35
1991	2	17	35,1
1986	2	1	35,5
1980	1	13	35,6
1995	12	7	35,6
1979	12	24	36,1
1987	1	15	36,6
2003	1	4	36,6
1982	12	21	36,9
1997	12	17	37,4
1998	2	3	37,7
1981	12	30	37,9
2009	2	1	38,3
1983	12	20	38,4
1987	1	28	38,6
1997	12	4	38,6
2001	12	17	38,8
1996	1	10	39,3
1987	2	10	39,4
1987	1	29	40,3
2003	1	20	40,3
1980	1	16	40,4
1994	2	27	40,4
1982	1	16	40,7
2011	1	26	41,8
1995	12	30	44,1
1989	12	3	45,1
1996	2	15	45,5
1987	2	2	45,8
2001	1	11	46,3
1996	12	4	46,4
1996	12	28	48,1
2010	2	15	49,2
2000	12	25	50,6
1992	12	15	52
1984	2	27	52,4
1996	12	20	53,6
2001	12	24	54,8
1995	12	29	55,6
2009	12	21	56,2
2010	12	20	56,8
1991	1	24	58
2010	1	6	58,4
1997	1	2	58,6
1996	12	16	61,1
2005	2	28	70,6
1996	1	1	74
1996	1	21	78,6
1989	1	10	79,2
